2
4
6
8
10
12
14
16
18
20
22
24
26
28
30
32
34
36
38
40
42
44
46
48
50
52
54
56
58
60
62
64
66
68
70
72
74
76
78
80
82
282
548
1052
1328
2100
3020
4244
4380
4686
4986
5146
5360
5830
5968
6080
6710
7590
8932
10790
12280
13726
14954
16096
16884
17784
19070
20096
21562
22768
24286
25588
26862
28140
29002
29690
30222
30610
31290
32242
33372
34602
35798
36674
37506
38210
39134
40526
41978
43356
44630
45846
46970
47934
48748
49604
50442
51264
52068
52834
53558
54290
54716
55008
55876
57010
57922
58722
59684
60448
61312
62550
64158
65868
67220
68296
68834
69338
69990
71312
72616
73546
74402
75264
76062
76872
77688
78366
79018
79682
80866
82032
82720
83354
83798
84192
84588
85252
85828
86474
87196
88086
88714
89642
90488
91190
91854
92578
93416
94260
94924
95440
95960
96298
96554
96780
97358
98012
98408
98854
99262
99694
100072
100512
101190
101994
102812
103646
104486
105642
106562
107262
107996
108848
109746
110666
111552
112246
112888
113382
113854
114360
114994
115570
115920
116380
116810
117174
117564
117904
118264
118936
119552
120268
121018
122566
123634
124172
124674
125158
125682
126324
126946
127766
128344
129084
130074
131374
132336
133010
134202
135418
136608
137574
138364
139302
140396
141264
141966
142640
143178
143538
143772
144130
144540
145046
145552
146296
146846
147354
148296
149170
149946
150798
151532
152246
152888
153520
154172
154792
155410
155950
156470
156970
157394
157852
158370
158834
159284
159738
160202
160690
161248
161766
162472
163152
163688
164260
164854
165498
166084
166800
167482
168176
168908
169634
170350
171082
171794
172522
173120
173806
174458
175098
175718
176388
177022
177698
178368
179076
179746
180416
181130
181770
182452
183134
183806
184526
185202
185856
186554
187244
187906
188602
189328
190062
190724
191448
192196
192910
193694
194500
195352
196142
196946
197678
198556
199306
200142
200892
201618
202344
203086
203778
204408
205184
205860
206598
207404
208406
209410
210524
211796
213030
214230
215484
217138
218802
220374
222168
223704
225524
227096
228668
229986
231282
231822
232254
232616
232996
233530
233860
234202
234408
234642
234938
235198
235512
235762
235934
236142
236784
237558
238286
239316
239978
240398
241098
241284
241436
241512
241560
241580
241612
241652
241700
241768
241848
241936
242314
242664
243006
243400
243770
244096
244398
244692
245022
245288
245602
245864
246134
246424
246662
246940
247210
247440
247694
247948
248222
248492
248714
249012
249302
249604
249850
250120
250390
250620
250986
251300
251582
251848
252112
252390
252640
252898
253152
253378
253592
253810
254044
254274
254512
254766
254996
255238
255472
255722
255972
256218
256468
256678
256936
257150
257380
257610
257808
258002
258196
258410
258660
258890
259084
259294
259500
259698
259936
260226
260844
261272
261840
262082
262324
262566
262808
263050
263292
263534
263776
264018
264260
264502
264744
264986
265228
265476
265734
266092
266360
266864
267780
268010
268266
268958
269926
271110
272738
275056
277006
279018
280810
282920
284362
286566
289278
292398
295468
297448
299104
300578
301982
303604
304512
305324
305596
305844
306118
306384
306632
306898
307208
307434
307646
307862
308114
308400
308656
308896
309162
309406
310034
310740
311538
312244
312946
313656
314472
315248
316060
316780
317556
318310
319022
319884
320624
321902
323302
324768
326434
328012
329802
331142
332690
334366
336068
338868
341976
345310
348366
350616
353130
355224
357408
359412
361242
363152
364986
367182
369250
371298
373220
375178
377504
379896
382388
384844
387436
389836
392264
394698
397170
399614
402016
404462
406956
409260
411400
413580
415888
418258
420550
422936
425238
427592
430054
432564
435044
437400
439738
442210
444624
446970
449206
451506
454004
456268
458566
460802
463052
465278
467552
469772
472042
474286
476530
478892
481220
483464
485732
487986
490144
492290
494442
496562
498766
500760
502792
505072
507320
509610
511974
514394
516700
519038
521346
523800
526246
528610
531018
533308
535624
538044
540216
542350
544410
546494
548556
550642
552766
555050
557384
559724
562038
564276
566490
568772
570820
573008
575122
577378
579690
581908
584254
586534
588676
590818
593520
596260
599310
602404
605300
608214
611208
613924
616706
619348
621842
624238
626588
629130
631584
634048
636342
638700
640888
642838
644642
646530
648208
649838
651466
653124
654532
656068
657514
659032
660530
661966
663502
665058
666636
668190
669714
671346
672916
674434
675936
677476
679004
680524
682002
683500
685038
686508
687962
689458
690914
692452
694012
695554
696994
698500
699994
701506
702964
704494
706068
707564
709028
710506
711918
713302
714694
716158
717680
719216
720766
722314
723840
725302
726814
728372
729890
731418
732900
734342
735842
737292
738754
740178
741696
743188
744708
746266
747714
749132
750684
752122
753586
755042
756522
758010
759506
760952
762422
763918
765348
766862
768390
769930
771614
773220
774832
776668
778524
780384
781834
783012
784404
785700
787014
788388
789340
790044
790686
791278
791806
792544
793102
793522
794098
794634
795156
795836
796620
798076
799130
799838
800604
801360
802110
803104
804078
805040
806006
806972
807982
808944
809946
810992
812022
813060
813772
814460
814996
815486
816012
816666
817310
817972
818672
819292
819992
820970
822026
823228
824342
827020
827404
827824
828228
828640
829128
829534
830004
830444
830872
831288
831704
832108
832530
832946
833398
833910
834404
835166
835744
835854
836308
836786
837252
837678
838120
838506
838996
839426
839518
839648
839730
839824
839912
839968
840028
840088
840152
840238
840302
840362
840430
840524
840644
841098
841480
841834
842220
842672
842998
843324
843606
843924
844308
844706
845092
845458
845822
846220
846664
847158
847596
848014
848412
848874
849244
849562
850006
850372
850702
851028
851370
851692
852038
852352
852694
853128
853502
853712
854114
854508
854922
855284
855672
856128
856456
856740
857034
857302
857586
857864
858156
858554
858882
859396
859640
859862
860096
860334
860536
860730
860916
861116
861276
861448
861624
861812
861978
862164
862324
862538
862728
862952
863156
863358
863542
863728
863934
864180
864388
864666
865006
865262
865462
865648
865840
866100
866328
866516
866692
866918
867104
867356
867576
867830
868098
868356
868626
868932
869152
869426
869648
869856
870096
870316
870540
870772
870992
871250
871604
872018
872222
872422
872648
872956
873288
873692
874104
874488
874936
875402
875842
876322
876752
877156
877640
878180
878704
879660
881066
881968
882380
882668
882870
883026
883320
883554
883778
884028
884310
884628
884994
885420
885830
886252
886602
886828
887022
887252
887568
887810
888110
888544
888802
889072
889452
889866
890280
890582
890896
891100
891300
891586
891934
892322
892592
892862
893156
893436
893676
893942
894284
894790
895440
896138
896770
897418
898014
898430
898684
899220
899544
899836
900338
901126
901814
902368
902884
903518
904258
904926
905558
906096
906630
907138
907666
908256
908926
909750
910738
911638
912602
913616
914514
915316
916038
916606
917082
917530
917992
918438
918908
919398
919916
920454
920930
921424
921894
922196
922392
922580
922814
923004
923162
923306
923414
923526
923642
923750
923870
924002
924130
924258
924390
924514
924674
924796
924922
925038
925146
925254
925358
925466
925578
925694
925836
925982
926124
926260
926400
926536
926660
926840
927194
927904
928562
928978
929724
930686
931446
932330
933352
934158
934894
935482
935960
936464
936974
937518
938062
938562
939246
939940
940626
941334
942042
942758
943486
944134
944816
945516
946246
946978
947668
948398
949128
949834
950556
951234
951980
952760
953460
954108
954792
955464
956146
956814
957508
958200
958890
959590
960364
961144
961922
962642
963432
964190
964936
965674
966392
967154
967894
968638
969374
970104
970846
971602
972334
973040
973786
974502
975094
975704
976244
976780
977354
977900
978436
979188
979804
980356
980918
981432
981994
982638
983306
984252
985560
986596
987368
988120
988954
990218
991500
992688
993378
994568
995612
996938
998224
999424
1000660
1002656
1004424
1005894
1006966
1007914
1009004
1010136
1011212
1012470
1013614
1014848
1015976
1017060
1018322
1019618
1020776
1021892
1023100
1024284
1025450
1026578
1027408
1028240
1028724
1029212
1029910
1030844
1031958
1033164
1034564
1036206
1037294
1038616
1040064
1041096
1042132
1042500
1042618
1042694
1042774
1043176
1043488
1043910
1044354
1044802
1045364
1045996
1046564
1047104
1047572
1048140
1048708
1049344
1050052
1050812
1051544
1052206
1052844
1053514
1054136
1054868
1055596
1056236
1056974
1057690
1058470
1059234
1060030
1060784
1061520
1062264
1062962
1063626
1064488
1065322
1066352
1067560
1068824
1070494
1072236
1073680
1074886
1076060
1077308
1078588
1080290
1082214
1084090
1086076
1088036
1089888
1091926
1093880
1095958
1097944
1100708
1103218
1105846
1108344
1110900
1113208
1115820
1118132
1120686
1122960
1125054
1126160
1127086
1127846
1128440
1128840
1129304
1129742
1130240
1130712
1131200
1131644
1132084
1132572
1133040
1133472
1133848
1134228
1134604
1135000
1135360
1135816
1136228
1136636
1137048
1137372
1137820
1138184
1138588
1138952
1139384
1139804
1140278
1140726
1141178
1141640
1142124
1142744
1143362
1143814
1144550
1145142
1145862
1146512
1147212
1147818
1148450
1149300
1149992
1150756
1151598
1152328
1153144
1153764
1154534
1155230
1156178
1156886
1157524
1158304
1159156
1160044
1160996
1162184
1163314
1164434
1166014
1167700
1169062
1170906
1172746
1174174
1175928
1177004
1177780
1178272
1178878
1179346
1179848
1180350
1180868
1181322
1181748
1182170
1182590
1183020
1183470
1183896
1184362
1184840
1185276
1185976
1186752
1187456
1188126
1188820
1189410
1190048
1190600
1191134
1191718
1192270
1192852
1193442
1194132
1194766
1195388
1196012
1196686
1197322
1197964
1198608
1199168
1199740
1200280
1200800
1201288
1201712
1202100
1202546
1202964
1203476
1204046
1204880
1205936
1207036
1208250
1209222
1209928
1210360
1210864
1211342
1211782
1212284
1212852
1213470
1214130
1214772
1215442
1216108
1216802
1217446
1218192
1219000
1219646
1220414
1221336
1222384
1223282
1224220
1225010
1225816
1226542
1227262
1227924
1228562
1229234
1230002
1230728
1231474
1232338
1233274
1234126
1235226
1236294
1237320
1238174
1239184
1240010
1240784
1241428
1242102
1242878
1243690
1244608
1245886
1247942
1248660
1249692
1251290
1253226
1255242
1256770
1256910
1257570
1258282
1258892
1259196
1259542
1259794
1260078
1260334
1260634
1260854
1261090
1261298
1261482
1261662
1261838
1262022
1262186
1262334
1262524
1262588
1262668
1262732
1262800
1262940
1263004
1263112
1263234
1263362
1263502
1263658
1263822
1264126
1265022
1265952
1266558
1268004
1269342
1270412
1270834
1271242
1272098
1272760
1273420
1274020
1274984
1275644
1276240
1276846
1277564
1278200
1278858
1279632
1280394
1281292
1282184
1283218
1284240
1285272
1286222
1287228
1287968
1288828
1289712
1290396
1291094
1291738
1292238
1292732
1293160
1293608
1294080
1294608
1295180
1295894
1296734
1297632
1298312
1299140
1299862
1300626
1301572
1302326
1303402
1304416
1305342
1306110
1306990
1307888
1308652
1309504
1310500
1310998
1311942
1312812
1313766
1314970
1316122
1317354
1318774
1319672
1320118
1320870
1322092
1323366
1324484
1325080
1325826
1326778
1328204
1329108
1330302
1331686
1333426
1334864
1336496
1338456
1339786
1341614
1343604
1345258
1346118
1347134
1349326
1352380
1355128
1357684
1360046
1362328
1364404
1366412
1368466
1370442
1372444
1374564
1376734
1378938
1380258
1381668
1383192
1384726
1386256
1386980
1387690
1388508
1389302
1390158
1390940
1391942
1392944
1393768
1394708
1395502
1396234
1396956
1397666
1398470
1399198
1400010
1400806
1401612
1402938
1404172
1405792
1407358
1408894
1410460
1412014
1413584
1415152
1416662
1418170
1419794
1421614
1423412
1425036
1426302
1427538
1428844
1430340
1432226
1433514
1434748
1435946
1437176
1438392
1439606
1440834
1441986
1443124
1444254
1445366
1446570
1447814
1448912
1450056
1451324
1452490
1454174
1456618
1458832
1459880
1461460
1463088
1464820
1466616
1468430
1470550
1472598
1474776
1476876
1479134
1481338
1483560
1485844
1488162
1490560
1492902
1495178
1497528
1499892
1502326
1505126
1508038
1510998
1513598
1516240
1518856
1521426
1524172
1526916
1529774
1532564
1535352
1538096
1541156
1544244
1547112
1550140
1553048
1556134
1559288
1562686
1566476
1569954
1572744
1575658
1578666
1581706
1584452
1586804
1589074
1591200
1593064
1594918
1596902
1599618
1601806
1603466
1604990
1606102
1606938
1607496
1607952
1608312
1608680
1608990
1609234
1609508
1609806
1610120
1610414
1610990
1611554
1612084
1612794
1613686
1614758
1615794
1616788
1617612
1618524
1619416
1620320
1621326
1622512
1623248
1623978
1624666
1625400
1626410
1627360
1628228
1629290
1630608
1631646
1632828
1634170
1635442
1636726
1637840
1639032
1640216
1641436
1642686
1643860
1645092
1646448
1647780
1649186
1650502
1651902
1653280
1654706
1656222
1657842
1659602
1661358
1663484
1665610
1668512
1671038
1673804
1676590
1679122
1681774
1684752
1687308
1689650
1691966
1694624
1697444
1700166
1703110
1705944
1708526
1711114
1713658
1716060
1718656
1721296
1723778
1726692
1729990
1733174
1736188
1739510
1742838
1745976
1748952
1752118
1754946
1757582
1760682
1764130
1767324
1770312
1772736
1774974
1777036
1779280
1781884
1785504
1788884
1792190
1794940
1797640
1800266
1802928
1806074
1809338
1812592
1815626
1818748
1822222
1825528
1828684
1831766
1834714
1837592
1840496
1843322
1846216
1849146
1852056
1854982
1857842
1860610
1863068
1865490
1867856
1870386
1872974
1875680
1878330
1880992
1883624
1886198
1889206
1892438
1895028
1898090
1900412
1904256
1912666
1924308
1937066
1950014
1966506
1982684
2000192
2015954
2033198
2050268
2066174
2082678
2099116
2114916
2130992
2146402
2162266
2177622
2191734
2205664
2217620
2229422
2241086
2250996
2262388
2273570
2285756
2296086
2303590
2309682
2314050
2317978
2319518
2320730
2321876
2322900
2324356
2325664
2327050
2328650
2330158
2331150
2332188
2333174
2334110
2335096
2336134
2337112
2338012
2338996
2339960
2340948
2341928
2342898
2343950
2344914
2345898
2346836
2347850
2348866
2349782
2350720
2351554
2352634
2353742
2354808
2355794
2356854
2357836
2358822
2359634
2360440
2361158
2361968
2362852
2363972
2365128
2366606
2368216
2369992
2371772
2373514
2375048
2376928
2378588
2380236
2381904
2383420
2385134
2386778
2388782
2390496
2393050
2394716
2396296
2398086
2399646
2401214
2402624
2404014
2405500
2406888
2408386
2409784
2411370
2412932
2414344
2415656
2417088
2418428
2419742
2420854
2421904
2422864
2424064
2425240
2426258
2427186
2428172
2429294
2430592
2431776
2432924
2433892
2434780
2435732
2436812
2437930
2439272
2440534
2441666
2442888
2443956
2445558
2447040
2448620
2449926
2451204
2452502
2453808
2455236
2456614
2457910
2459224
2460600
2462066
2463480
2465070
2466580
2468140
2469800
2471458
2473170
2475010
2476940
2478862
2480704
2482420
2483928
2485230
2486404
2487440
2488512
2489532
2490518
2491430
2492460
2493360
2494510
2495906
2497386
2498726
2500092
2501436
2502822
2504134
2505432
2506624
2507762
2508872
2509818
2510892
2512024
2513082
2514020
2515062
2516168
2517534
2518610
2519650
2520672
2521818
2522756
2523818
2524924
2525906
2526816
2527720
2528746
2529926
2530830
2531640
2532440
2533384
2534218
2535154
2536096
2536936
2537804
2538712
2539642
2540504
2541370
2542214
2543002
2543834
2544652
2545538
2546530
2547554
2548422
2549218
2549914
2550676
2551418
2552204
2553114
2553834
2554452
2555162
2555854
2556310
2556666
2557098
2557498
2557918
2558266
2558650
2558918
2559214
2559586
2559894
2560282
2560594
2560886
2561226
2561582
2561834
2562118
2562382
2562678
2562910
2563126
2563318
2563526
2563720
2563970
2564184
2564380
2564560
2564766
2564954
2565134
2565472
2565790
2566120
2566442
2566812
2567286
2567824
2568438
2569140
2569948
2570774
2571604
2572470
2573276
2574150
2575108
2575960
2576772
2577398
2578006
2578518
2578996
2579240
2579488
2579772
2580044
2580414
2580808
2581102
2581496
2581882
2582358
2583152
2583898
2584660
2585410
2586156
2586944
2587342
2587746
2588126
2588524
2588904
2589300
2589676
2590074
2590436
2590794
2591190
2591548
2591904
2592264
2592570
2592854
2593146
2593442
2593740
2594038
2594368
2594778
2595580
2596344
2597230
2597978
2598724
2599452
2600192
2600740
2601348
2601946
2602414
2602984
2603510
2603722
2603942
2604194
2604450
2604646
2604854
2605054
2605270
2605500
2605734
2606502
2607150
2607738
2608394
2609006
2609482
2610106
2610770
2611494
2612008
2612546
2613642
2614870
2615900
2616978
2618150
2619162
2620334
2621702
2622954
2624246
2625768
2627216
2628470
2629750
2630914
2632070
2633148
2634268
2635400
2636510
2637716
2638906
2640138
2641254
2642402
2643496
2644626
2645704
2646904
2648086
2649276
2650394
2651488
2652574
2653692
2654820
2656074
2657496
2658802
2660034
2661212
2662352
2663380
2664494
2665624
2666786
2667888
2668934
2670002
2671136
2672316
2673444
2674594
2675670
2676730
2677858
2679060
2680366
2681720
2683150
2684528
2685740
2686916
2688146
2689346
2690608
2691694
2692854
2693962
2694544
2695150
2695702
2696314
2697054
2697718
2698514
2699374
2700098
2700838
2701706
2702506
2703038
2703466
2704066
2704662
2705118
2705306
2705410
2705506
2705598
2705988
2706180
2706252
2706324
2706392
2706460
2706520
2706576
2706628
2706680
2706728
2706776
2706828
2706880
2706928
2706976
2707008
2707032
2707056
2707076
2707096
2707116
2707136
2707174
2707242
2707314
2707394
2707636
2707752
2707868
2707984
2708104
2708212
2708332
2708490
2708824
2709118
2709448
2709788
2710276
2710782
2711298
2711840
2712298
2712802
2713438
2714086
2714778
2715554
2716436
2717240
2717998
2718878
2719822
2720868
2722066
2723346
2724818
2726230
2727784
2729226
2730488
2732040
2733442
2734820
2736210
2737496
2738966
2740336
2741750
2743148
2744492
2745952
2747324
2748848
2750368
2751878
2753444
2754860
2756310
2757696
2759058
2760474
2761844
2763174
2764678
2766252
2767776
2769456
2771356
2773140
2774830
2776162
2777412
2778698
2780252
2781940
2783644
2785364
2786906
2788300
2789388
2790140
2790662
2791430
2792216
2793198
2793902
2794620
2795406
2796458
2797502
2798596
2799410
2800250
2800910
2801534
2802114
2802772
2803428
2804098
2804820
2805550
2806590
2807618
2808622
2809616
2810698
2811780
2812858
2813938
2814982
2816020
2816972
2817902
2818920
2819862
2820854
2821862
2822998
2823878
2824668
2825462
2826218
2826912
2828428
2830076
2832338
2834494
2835916
2837542
2839214
2841250
2843370
2845710
2847618
2849776
2852260
2854570
2855896
2857000
2858746
2860688
2862398
2864734
2866646
2868896
2871486
2874064
2876238
2878196
2880158
2882594
2884014
2885992
2887540
2888464
2889068
2889734
2889970
2890254
2890550
2890878
2891142
2891426
2891706
2892058
2892462
2892946
2893438
2893818
2894166
2894490
2894746
2894994
2895218
2895374
2895534
2895638
2895752
2895856
2895992
2896136
2896308
2896468
2896668
2896856
2897068
2897276
2897496
2897722
2897902
2898102
2898498
2899002
2899446
2899936
2900432
2900954
2901426
2901814
2902186
2902528
2902904
2903272
2903610
2903992
2904290
2904608
2904930
2905276
2905618
2905954
2906372
2906782
2907112
2907426
2907698
2908032
2908398
2908686
2909028
2909382
2909754
2910136
2910526
2910920
2911342
2911820
2912166
2912512
2912866
2913240
2913594
2913940
2914294
2914632
2914980
2915336
2915648
2915980
2916300
2916628
2916998
2917446
2917820
2918178
2918532
2918880
2919202
2919510
2919870
2920234
2920608
2920968
2921364
2921768
2922166
2922606
2923046
2923446
2923858
2924262
2924708
2925124
2925526
2925920
2926376
2926852
2927376
2927872
2928342
2928868
2929368
2930028
2930772
2931710
2932240
2932862
2933498
2934122
2934812
2935688
2936534
2937688
2939168
2940554
2941964
2943260
2944072
2944606
2945362
2946306
2947548
2948510
2949754
2950666
2951476
2952624
2953826
2954520
2955120
2955824
2956648
2957144
2957860
2958382
2958952
2959692
2960500
2961392
2962060
2962736
2963434
2964142
2964910
2965740
2966838
2967804
2968792
2969828
2970730
2971476
2972130
2972558
2973154
2973872
2974794
2975752
2976844
2978066
2979264
2980598
2981906
2982932
2983936
2984784
2986174
2987642
2989114
2990550
2991938
2993310
2994624
2995844
2996800
2997788
2998992
2999812
3000930
3002332
3004242
3005958
3007508
3009682
3011320
3013144
3015018
3016664
3018032
3019520
3020986
3022088
3023656
3024958
3026296
3027148
3028670
3030040
3032104
3033706
3035292
3037042
3038718
3040194
3041758
3043526
3044694
3045472
3046526
3047954
3048582
3049720
3051088
3051822
3053040
3054132
3054842
3055246
3055572
3055866
3055890
3055910
3055930
3055950
3055970
3055990
3056010
3056030
3056050
3056070
3056090
3056110
3056130
3056150
3056170
3056190
3056210
3056230
3056250
3056270
3056290
3056310
3056330
3056350
3056370
3056390
3056410
3056430
3056450
3056470
3056490
3056510
3056530
3056550
3056570
3056590
3056610
3056630
3056650
3056694
3056892
3057124
3057416
3057978
3058634
3060106
3060814
3061974
3063166
3064334
3066360
3068018
3069728
3070706
3071824
3073114
3074064
3074948
3076578
3078442
3079704
3080288
3080974
3082372
3083802
3085300
3086878
3088258
3089754
3090446
3091034
3092410
3093546
3094896
3095566
3096274
3096964
3097784
3098770
3099516
3100708
3101898
3103600
3104334
3105482
3106594
3108180
3109496
3111826
3113446
3115826
3117034
3118246
3119250
3120164
3121724
3122910
3124310
3125520
3126890
3128184
3129548
3131376
3133326
3135528
3137548
3139554
3141446
3143750
3145900
3147784
3149694
3151478
3152964
3154412
3155756
3156850
3157860
3159326
3160402
3161990
3163642
3165808
3168788
3171768
3176394
3180060
3183860
3186506
3188862
3192194
3194804
3196698
3198168
3200042
3201762
3203192
3204662
3206048
3207650
3209256
3210888
3212926
3214580
3216116
3217780
3219418
3221176
3223036
3224976